0.000000 2.532000 2.330400 1.924000 2.585200 4.066700 0.682900 2.640100 3.173000 2.710600 4.809300 5.875100 5.096700 6.696600 5.520400 4.965100 6.161300 5.851600 5.642200 6.454700 6.773500 6.909300 6.811300 5.427300 4.837300 4.409800 3.403400 5.852900 5.560500 5.007600 5.057000 5.732600 5.353000 6.105500 0.432900 4.113100 6.103700 8.893900 8.580100 3.433300 7.530800 3.919700 3.647100 3.211600 2.095100 6.368500
2.532000 0.000000 3.989300 3.073300 3.986600 4.477400 2.506500 1.910700 1.984500 3.120500 7.306500 5.361600 4.657700 6.579900 5.241700 4.476400 5.902200 5.228700 5.624600 6.724000 6.545200 6.409000 6.185800 4.909100 3.500300 3.289700 2.574700 5.499500 4.680100 5.196700 5.186700 5.986200 4.864000 5.266000 2.115500 2.930800 5.980700 8.521300 7.956500 3.005300 6.880000 3.721800 4.021300 3.209600 0.913300 6.633500
2.330400 3.989300 0.000000 0.973500 0.421400 2.297300 3.004900 2.751500 3.286900 1.648500 4.087200 4.513200 3.809400 4.932300 4.019300 3.750200 4.556100 4.586000 3.918100 4.458200 5.082100 5.411600 5.424400 4.143300 4.432900 3.922800 3.071000 4.362100 4.571600 3.220000 3.306900 3.805900 4.057800 4.990000 2.600900 3.783600 4.402100 7.166000 7.051000 2.714300 6.096800 2.754900 2.049000 2.208700 3.137300 4.380600
1.924000 3.073300 0.973500 0.000000 0.914200 2.152300 2.592300 1.792900 2.345500 0.943600 4.931000 4.124000 3.363600 4.810600 3.705500 3.263400 4.318100 4.145000 3.757600 4.531200 4.908500 5.114300 5.062400 3.703400 3.638300 3.138100 2.207000 4.047400 3.995000 3.102100 3.159500 3.812200 3.622200 4.480300 2.047700 2.948800 4.229800 7.029800 6.785800 1.952600 5.768600 2.203800 1.754300 1.534600 2.194200 4.445300
2.585200 3.986600 0.421400 0.914200 0.000000 1.875900 3.267700 2.575300 3.077100 1.348300 4.434400 4.097100 3.400700 4.515200 3.599600 3.347200 4.134700 4.174500 3.497900 4.061400 4.662400 4.990500 5.005500 3.732800 4.108200 3.597500 2.797200 3.942100 4.180200 2.800400 2.886400 3.397900 3.647000 4.585900 2.807000 3.484100 3.982000 6.749800 6.629700 2.395100 5.676200 2.371600 1.636600 1.870100 3.101500 3.982300
4.066700 4.477400 2.297300 2.152300 1.875900 0.000000 4.720900 2.593600 2.791800 1.451300 6.097700 2.266600 1.656100 2.676800 1.739600 1.662500 2.259100 2.381500 1.636000 2.403800 2.801600 3.116500 3.147500 1.958700 2.966900 2.515300 2.224200 2.077700 2.551300 0.955000 1.025100 1.669500 1.873400 2.845200 4.136900 2.591900 2.118700 4.909700 4.754400 1.661300 3.805200 1.081800 0.464200 1.280900 3.589800 2.315500
0.682900 2.506500 3.004900 2.592300 3.267700 4.720900 0.000000 3.069400 3.552700 3.333800 5.100900 6.452200 5.673500 7.328000 6.123600 5.532700 6.773400 6.412800 6.275300 7.116800 7.393800 7.498100 7.382200 5.997900 5.252600 4.858200 3.868400 6.450600 6.076900 5.653800 5.698400 6.389700 5.926700 6.636300 0.640400 4.539900 6.730100 9.509700 9.163200 3.969100 8.103700 4.505400 4.291800 3.801700 2.315200 7.029900
2.640100 1.910700 2.751500 1.792900 2.575300 2.593600 3.069400 0.000000 0.581400 1.371600 6.682000 3.582400 2.834600 4.711900 3.388200 2.664100 4.056100 3.489700 3.729900 4.814300 4.701000 4.645400 4.468100 3.120100 2.197900 1.788800 0.814700 3.671000 3.055800 3.286000 3.277000 4.075600 3.063400 3.633400 2.436600 1.476100 4.106500 6.739800 6.262700 1.112400 5.184400 1.818700 2.150000 1.313600 1.093100 4.723800
3.173000 1.984500 3.286900 2.345500 3.077100 2.791800 3.552700 0.581400 0.000000 1.788900 7.255000 3.377100 2.680000 4.615300 3.273400 2.496600 3.927800 3.247600 3.695900 4.839500 4.568500 4.426300 4.211300 2.924900 1.706500 1.368600 0.619900 3.520300 2.728200 3.347600 3.317500 4.121000 2.881000 3.315200 2.933700 1.019600 4.023300 6.537900 5.992600 1.147000 4.913300 1.850400 2.388400 1.547100 1.363600 4.750300
2.710600 3.120500 1.648500 0.943600 1.348300 1.451300 3.333800 1.371600 1.788900 0.000000 5.734200 3.203300 2.434400 3.994300 2.815400 2.326500 3.451200 3.211900 2.942200 3.845000 4.063600 4.215000 4.143200 2.773000 2.785000 2.275400 1.450700 3.152000 3.052300 2.338800 2.373900 3.102600 2.693400 3.537500 2.725500 2.139800 3.396800 6.183400 5.888400 1.067000 4.855600 1.264200 0.992200 0.594900 2.210800 3.755600
4.809300 7.306500 4.087200 4.931000 4.434400 6.097700 5.100900 6.682000 7.255000 5.734200 0.000000 8.355000 7.740200 8.368600 7.805700 7.716800 8.206200 8.479100 7.517200 7.584800 8.592900 9.090400 9.190900 8.053900 8.519200 8.009500 7.130100 8.126500 8.580800 6.847500 6.960600 7.158500 7.968100 8.935600 5.241800 7.859200 7.969800 10.466100 10.599200 6.800900 9.787000 6.796500 6.000700 6.293900 6.681800 7.535800
5.875100 5.361600 4.513200 4.124000 4.097100 2.266600 6.452200 3.582400 3.377100 3.203300 8.355000 0.000000 0.778900 1.419800 0.570600 0.926400 0.727400 0.259800 1.107900 2.128500 1.271100 1.063400 0.940000 0.462700 2.252800 2.173800 2.806200 0.367200 0.955300 1.580700 1.458900 1.758000 0.526800 0.757100 5.817600 2.505300 1.004300 3.164300 2.711600 2.514300 1.656000 1.956200 2.466200 2.664400 4.662200 2.067600
5.096700 4.657700 3.809400 3.363600 3.400700 1.656100 5.673500 2.834600 2.680000 2.434400 7.740200 0.778900 0.000000 1.947100 0.614100 0.188200 1.248800 0.784000 1.172000 2.366300 1.888500 1.831400 1.715200 0.340100 1.854500 1.623100 2.084400 0.842000 0.934900 1.260600 1.152600 1.778100 0.259000 1.195700 5.039300 1.907800 1.377900 3.906900 3.489800 1.747600 2.434000 1.179300 1.765400 1.887100 3.922900 2.286500
6.696600 6.579900 4.932300 4.810600 4.515200 2.676800 7.328000 4.711900 4.615300 3.994300 8.368600 1.419800 1.947100 0.000000 1.342200 2.134800 0.714400 1.661400 1.054600 1.009700 0.294400 1.014800 1.341500 1.772200 3.664500 3.536500 4.007800 1.139400 2.371800 1.723600 1.653900 1.210400 1.788100 2.032900 6.717100 3.843800 0.608500 2.235800 2.231800 3.600100 1.584200 2.915600 3.057300 3.572000 5.804600 1.000500
5.520400 5.241700 4.019300 3.705500 3.599600 1.739600 6.123600 3.388200 3.273400 2.815400 7.805700 0.570600 0.614100 1.342200 0.000000 0.802000 0.668700 0.771300 0.625100 1.785800 1.313100 1.410300 1.408300 0.550100 2.432900 2.233300 2.667700 0.344600 1.307700 1.010200 0.888300 1.278500 0.522000 1.293200 5.497800 2.521900 0.763900 3.393700 3.080300 2.281400 2.081300 1.631000 1.991000 2.323800 4.481100 1.710900
4.965100 4.476400 3.750200 3.263400 3.347200 1.662500 5.532700 2.664100 2.496600 2.326500 7.716800 0.926400 0.188200 2.134800 0.802000 0.000000 1.434600 0.888900 1.347200 2.543500 2.072400 1.988100 1.849400 0.466000 1.688300 1.439100 1.905000 1.023700 0.889600 1.374000 1.273300 1.938200 0.400800 1.239900 4.896700 1.720200 1.565800 4.075800 3.635300 1.588000 2.571000 1.062700 1.721500 1.763900 3.749700 2.462600
6.161300 5.902200 4.556100 4.318100 4.134700 2.259100 6.773400 4.056100 3.927800 3.451200 8.206200 0.727400 1.248800 0.714400 0.668700 1.434600 0.000000 0.981900 0.690300 1.433300 0.645000 0.884300 1.035700 1.057800 2.953900 2.823000 3.327600 0.425000 1.681800 1.369700 1.265700 1.216600 1.075900 1.419000 6.151100 3.133400 0.325700 2.736600 2.495400 2.950000 1.581700 2.294800 2.575300 2.980100 5.148700 1.381800
5.851600 5.228700 4.586000 4.145000 4.174500 2.381500 6.412800 3.489700 3.247600 3.211900 8.479100 0.259800 0.784000 1.661400 0.771300 0.888900 0.981900 0.000000 1.349500 2.388400 1.493000 1.182000 0.979200 0.444600 2.035200 1.996300 2.696800 0.623800 0.711300 1.769700 1.648000 2.004400 0.529100 0.522100 5.775200 2.338500 1.264000 3.294500 2.774300 2.451300 1.699100 1.950000 2.537900 2.652800 4.557500 2.327200
5.642200 5.624600 3.918100 3.757600 3.497900 1.636000 6.275300 3.729900 3.695900 2.942200 7.517200 1.107900 1.172000 1.054600 0.625100 1.347200 0.690300 1.349500 0.000000 1.196800 1.166000 1.573400 1.710500 1.174300 3.025200 2.781100 3.077400 0.753000 1.932100 0.700500 0.612200 0.658100 1.139500 1.864200 5.666800 3.041100 0.484100 3.276700 3.145300 2.620900 2.269800 1.913000 2.003600 2.539000 4.816600 1.115400
6.454700 6.724000 4.458200 4.531200 4.061400 2.403800 7.116800 4.814300 4.839500 3.845000 7.584800 2.128500 2.366300 1.009700 1.785800 2.543500 1.433300 2.388400 1.196800 0.000000 1.303600 2.016500 2.320000 2.327700 4.214800 3.977700 4.219800 1.769900 3.052500 1.534800 1.537400 0.746500 2.307400 2.850900 6.539500 4.232700 1.126000 2.881400 3.115800 3.726600 2.587900 3.006900 2.853700 3.549800 5.881200 0.090700
6.773500 6.545200 5.082100 4.908500 4.662400 2.801600 7.393800 4.701000 4.568500 4.063600 8.592900 1.271100 1.888500 0.294400 1.313100 2.072400 0.645000 1.493000 1.166000 1.303600 0.000000 0.722700 1.059400 1.670400 3.522800 3.432600 3.970700 1.049900 2.202400 1.862200 1.778200 1.442300 1.699800 1.814900 6.775500 3.753200 0.683000 2.122200 2.011000 3.594400 1.298000 2.932900 3.155600 3.610600 5.793700 1.291900
6.909300 6.409000 5.411600 5.114300 4.990500 3.116500 7.498100 4.645400 4.426300 4.215000 9.090400 1.063400 1.831400 1.014800 1.410300 1.988100 0.884300 1.182000 1.573400 2.016500 0.722700 0.000000 0.371300 1.526100 3.162200 3.171900 3.865000 1.067100 1.817500 2.251700 2.144800 2.033100 1.587300 1.309600 6.866200 3.517900 1.141500 2.112700 1.673400 3.575700 0.697600 2.993000 3.398400 3.699300 5.723400 1.997200
6.811300 6.185800 5.424400 5.062400 5.005500 3.147500 7.382200 4.468100 4.211300 4.143200 9.190900 0.940000 1.715200 1.341500 1.408300 1.849400 1.035700 0.979200 1.710500 2.320000 1.059400 0.371300 0.000000 1.384800 2.865900 2.917500 3.671900 1.071400 1.534800 2.345900 2.231000 2.245100 1.458300 0.987400 6.745900 3.270400 1.340600 2.367100 1.795100 3.427600 0.721900 2.894400 3.385700 3.602300 5.532300 2.291700
5.427300 4.909100 4.143300 3.703400 3.732800 1.958700 5.997900 3.120100 2.924900 2.773000 8.053900 0.462700 0.340100 1.772200 0.550100 0.466000 1.057800 0.444600 1.174300 2.327700 1.670400 1.526100 1.384800 0.000000 1.911300 1.766200 2.347500 0.632800 0.765700 1.439000 1.321100 1.823300 0.086100 0.889000 5.362200 2.082800 1.255800 3.623500 3.169300 2.052600 2.105900 1.514700 2.096400 2.220900 4.201300 2.255000
4.837300 3.500300 4.432900 3.638300 4.108200 2.966900 5.252600 2.197900 1.706500 2.785000 8.519200 2.252800 1.854500 3.664500 2.432900 1.688300 2.953900 2.035200 3.025200 4.214800 3.522800 3.162200 2.865900 1.911300 0.000000 0.510800 1.469300 2.533800 1.346000 3.014700 2.928400 3.626400 1.916800 1.883100 4.626800 0.726500 3.167100 5.229600 4.549000 1.718500 3.499300 1.915300 2.775500 2.238900 3.048700 4.136900
4.409800 3.289700 3.922800 3.138100 3.597500 2.515300 4.858200 1.788800 1.368600 2.275400 8.009500 2.173800 1.623100 3.536500 2.233300 1.439100 2.823000 1.996300 2.781100 3.977700 3.432600 3.171900 2.917500 1.766200 0.510800 0.000000 1.008900 2.398200 1.393300 2.669500 2.595800 3.340000 1.748800 1.977300 4.224600 0.359100 2.993200 5.277500 4.670500 1.208600 3.597500 1.443300 2.291900 1.728500 2.732100 3.895200
3.403400 2.574700 3.071000 2.207000 2.797200 2.224200 3.868400 0.814700 0.619900 1.450700 7.130100 2.806200 2.084400 4.007800 2.667700 1.905000 3.327600 2.696800 3.077400 4.219800 3.970700 3.865000 3.671900 2.347500 1.469300 1.008900 0.000000 2.926400 2.241600 2.732400 2.699800 3.502800 2.297400 2.820700 3.231200 0.751500 3.412000 5.970400 5.464000 0.563200 4.384400 1.238500 1.851800 1.051500 1.860700 4.130600
5.852900 5.499500 4.362100 4.047400 3.942100 2.077700 6.450600 3.671000 3.520300 3.152000 8.126500 0.367200 0.842000 1.139400 0.344600 1.023700 0.425000 0.623800 0.753000 1.769900 1.049900 1.067100 1.071400 0.632800 2.533800 2.398200 2.926400 0.000000 1.288900 1.295900 1.176900 1.395300 0.652700 1.121200 5.822400 2.710300 0.653300 3.081300 2.739000 2.573700 1.736800 1.948700 2.335600 2.649000 4.761500 1.706400
5.560500 4.680100 4.571600 3.995000 4.180200 2.551300 6.076900 3.055800 2.728200 3.052300 8.580800 0.955300 0.934900 2.371800 1.307700 0.889600 1.681800 0.711300 1.932100 3.052500 2.202400 1.817500 1.534800 0.765700 1.346000 1.393300 2.241600 1.288900 0.000000 2.179200 2.065400 2.585800 0.819700 0.587200 5.436500 1.750700 1.942200 3.901600 3.277400 2.129900 2.204400 1.820600 2.580400 2.460700 4.078400 2.985100
5.007600 5.196700 3.220000 3.102100 2.800400 0.955000 5.653800 3.286000 3.347600 2.338800 6.847500 1.580700 1.260600 1.723600 1.010200 1.374000 1.369700 1.769700 0.700500 1.534800 1.862200 2.251700 2.345900 1.439000 3.014700 2.669500 2.732400 1.295900 2.179200 0.000000 0.121900 0.790600 1.369700 2.286200 5.058200 2.862500 1.183400 3.958600 3.845300 2.214100 2.949200 1.498000 1.362100 2.015200 4.347400 1.444100
5.057000 5.186700 3.306900 3.159500 2.886400 1.025100 5.698400 3.277000 3.317500 2.373900 6.960600 1.458900 1.152600 1.653900 0.888300 1.273300 1.265700 1.648000 0.612200 1.537400 1.778200 2.144800 2.231000 1.321100 2.928400 2.595800 2.699800 1.176900 2.065400 0.121900 0.000000 0.804200 1.253000 2.164900 5.097900 2.799900 1.096100 3.884800 3.749900 2.192700 2.841800 1.473500 1.410200 2.023300 4.346300 1.446800
5.732600 5.986200 3.805900 3.812200 3.397900 1.669500 6.389700 4.075600 4.121000 3.102600 7.158500 1.758000 1.778100 1.210400 1.278500 1.938200 1.216600 2.004400 0.658100 0.746500 1.442300 2.033100 2.245100 1.823300 3.626400 3.340000 3.502800 1.395300 2.585800 0.790600 0.804200 0.000000 1.781800 2.515000 5.805900 3.569400 0.904700 3.390300 3.440900 2.996500 2.701900 2.277500 2.112900 2.804300 5.138000 0.656000
5.353000 4.864000 4.057800 3.622200 3.647000 1.873400 5.926700 3.063400 2.881000 2.693400 7.968100 0.526800 0.259000 1.788100 0.522000 0.400800 1.075900 0.529100 1.139500 2.307400 1.699800 1.587300 1.458300 0.086100 1.916800 1.748800 2.297400 0.652700 0.819700 1.369700 1.253000 1.781800 0.000000 0.973100 5.291600 2.057700 1.254100 3.677100 3.238000 1.988500 2.178300 1.437400 2.010500 2.144600 4.147300 2.232800
6.105500 5.266000 4.990000 4.480300 4.585900 2.845200 6.636300 3.633400 3.315200 3.537500 8.935600 0.757100 1.195700 2.032900 1.293200 1.239900 1.419000 0.522100 1.864200 2.850900 1.814900 1.309600 0.987400 0.889000 1.883100 1.977300 2.820700 1.121200 0.587200 2.286200 2.164900 2.515000 0.973100 0.000000 5.995900 2.335600 1.727700 3.346700 2.693900 2.672900 1.625800 2.278700 2.955400 2.956100 4.663600 2.796200
0.432900 2.115500 2.600900 2.047700 2.807000 4.136900 0.640400 2.436600 2.933700 2.725500 5.241800 5.817600 5.039300 6.717100 5.497800 4.896700 6.151100 5.775200 5.666800 6.539500 6.775500 6.866200 6.745900 5.362200 4.626800 4.224600 3.231200 5.822400 5.436500 5.058200 5.097900 5.805900 5.291600 5.995900 0.000000 3.910500 6.116200 8.887700 8.529100 3.329700 7.467600 3.875000 3.697900 3.174100 1.755500 6.451600
4.113100 2.930800 3.783600 2.948800 3.484100 2.591900 4.539900 1.476100 1.019600 2.139800 7.859200 2.505300 1.907800 3.843800 2.521900 1.720200 3.133400 2.338500 3.041100 4.232700 3.753200 3.517900 3.270400 2.082800 0.726500 0.359100 0.751500 2.710300 1.750700 2.862500 2.799900 3.569400 2.057700 2.335600 3.910500 0.000000 3.285500 5.626700 5.028100 1.100500 3.954100 1.511400 2.311400 1.642600 2.382200 4.148000
6.103700 5.980700 4.402100 4.229800 3.982000 2.118700 6.730100 4.106500 4.023300 3.396800 7.969800 1.004300 1.377900 0.608500 0.763900 1.565800 0.325700 1.264000 0.484100 1.126000 0.683000 1.141500 1.340600 1.255800 3.167100 2.993200 3.412000 0.653300 1.942200 1.183400 1.096100 0.904700 1.254100 1.727700 6.116200 3.285500 0.000000 2.800200 2.666400 2.994300 1.827400 2.307200 2.475900 2.965000 5.198800 1.068700
8.893900 8.521300 7.166000 7.029800 6.749800 4.909700 9.509700 6.739800 6.537900 6.183400 10.466100 3.164300 3.906900 2.235800 3.393700 4.075800 2.736600 3.294500 3.276700 2.881400 2.122200 2.112700 2.367100 3.623500 5.229600 5.277500 5.970400 3.081300 3.901600 3.958600 3.884800 3.390300 3.677100 3.346700 8.887700 5.626700 2.800200 0.000000 0.965600 5.652200 1.761300 5.024400 5.276100 5.715700 7.824300 2.932500
8.580100 7.956500 7.051000 6.785800 6.629700 4.754400 9.163200 6.262700 5.992600 5.888400 10.599200 2.711600 3.489800 2.231800 3.080300 3.635300 2.495400 2.774300 3.145300 3.115800 2.011000 1.673400 1.795100 3.169300 4.549000 4.670500 5.464000 2.739000 3.277400 3.845300 3.749900 3.440900 3.238000 2.693900 8.529100 5.028100 2.666400 0.965600 0.000000 5.219600 1.080000 4.661200 5.060500 5.368800 7.323300 3.141400
3.433300 3.005300 2.714300 1.952600 2.395100 1.661300 3.969100 1.112400 1.147000 1.067000 6.800900 2.514300 1.747600 3.600100 2.281400 1.588000 2.950000 2.451300 2.620900 3.726600 3.594400 3.575700 3.427600 2.052600 1.718500 1.208600 0.563200 2.573700 2.129900 2.214100 2.192700 2.996500 1.988500 2.672900 3.329700 1.100500 2.994300 5.652200 5.219600 0.000000 4.149200 0.719700 1.293100 0.542600 2.204600 3.636500
7.530800 6.880000 6.096800 5.768600 5.676200 3.805200 8.103700 5.184400 4.913300 4.855600 9.787000 1.656000 2.434000 1.584200 2.081300 2.571000 1.581700 1.699100 2.269800 2.587900 1.298000 0.697600 0.721900 2.105900 3.499300 3.597500 4.384400 1.736800 2.204400 2.949200 2.841800 2.701900 2.178300 1.625800 7.467600 3.954100 1.827400 1.761300 1.080000 4.149200 0.000000 3.612100 4.071800 4.320400 6.243300 2.583900
3.919700 3.721800 2.754900 2.203800 2.371600 1.081800 4.505400 1.818700 1.850400 1.264200 6.796500 1.956200 1.179300 2.915600 1.631000 1.062700 2.294800 1.950000 1.913000 3.006900 2.932900 2.993000 2.894400 1.514700 1.915300 1.443300 1.238500 1.948700 1.820600 1.498000 1.473500 2.277500 1.437400 2.278700 3.875000 1.511400 2.307200 5.024400 4.661200 0.719700 3.612100 0.000000 0.865400 0.708300 2.903600 2.916800
3.647100 4.021300 2.049000 1.754300 1.636600 0.464200 4.291800 2.150000 2.388400 0.992200 6.000700 2.466200 1.765400 3.057300 1.991000 1.721500 2.575300 2.537900 2.003600 2.853700 3.155600 3.398400 3.385700 2.096400 2.775500 2.291900 1.851800 2.335600 2.580400 1.362100 1.410200 2.112900 2.010500 2.955400 3.697900 2.311400 2.475900 5.276100 5.060500 1.293100 4.071800 0.865400 0.000000 0.848300 3.129700 2.764500
3.211600 3.209600 2.208700 1.534600 1.870100 1.280900 3.801700 1.313600 1.547100 0.594900 6.293900 2.664400 1.887100 3.572000 2.323800 1.763900 2.980100 2.652800 2.539000 3.549800 3.610600 3.699300 3.602300 2.220900 2.238900 1.728500 1.051500 2.649000 2.460700 2.015200 2.023300 2.804300 2.144600 2.956100 3.174100 1.642600 2.965000 5.715700 5.368800 0.542600 4.320400 0.708300 0.848300 0.000000 2.339100 3.459100
2.095100 0.913300 3.137300 2.194200 3.101500 3.589800 2.315200 1.093100 1.363600 2.210800 6.681800 4.662200 3.922900 5.804600 4.481100 3.749700 5.148700 4.557500 4.816600 5.881200 5.793700 5.723400 5.532300 4.201300 3.048700 2.732100 1.860700 4.761500 4.078400 4.347400 4.346300 5.138000 4.147300 4.663600 1.755500 2.382200 5.198800 7.824300 7.323300 2.204600 6.243300 2.903600 3.129700 2.339100 0.000000 5.790500
6.368500 6.633500 4.380600 4.445300 3.982300 2.315500 7.029900 4.723800 4.750300 3.755600 7.535800 2.067600 2.286500 1.000500 1.710900 2.462600 1.381800 2.327200 1.115400 0.090700 1.291900 1.997200 2.291700 2.255000 4.136900 3.895200 4.130600 1.706400 2.985100 1.444100 1.446800 0.656000 2.232800 2.796200 6.451600 4.148000 1.068700 2.932500 3.141400 3.636500 2.583900 2.916800 2.764500 3.459100 5.790500 0.000000
